0	0
0.0333333	-0.119343
0.0666667	-0.152537
0.1	-0.153611
0.133333	-0.153416
0.166667	-0.152993
0.2	-0.152284
0.233333	-0.151423
0.266667	-0.150314
0.3	-0.149465
0.333333	-0.148898
0.366667	-0.148354
0.4	-0.147507
0.433333	-0.146438
0.466667	-0.145591
0.5	-0.144693
0.533333	-0.144237
0.566667	-0.143371
0.6	-0.142203
0.633333	-0.140889
0.666667	-0.140121
0.7	-0.139644
0.733333	-0.138299
0.766667	-0.137322
0.8	-0.136651
0.833333	-0.135685
0.866667	-0.134897
0.9	-0.133841
0.933333	-0.133438
0.966667	-0.13365
1	-0.133337
1.03333	-0.133929
1.06667	-0.134815
1.1	-0.13522
1.13333	-0.136357
1.16667	-0.137288
1.2	-0.138585
1.23333	-0.140659
1.26667	-0.142062
1.3	-0.142702
1.33333	-0.142231
1.36667	-0.14202
1.4	-0.141724
1.43333	-0.141252
1.46667	-0.141197
1.5	-0.14152
1.53333	-0.142164
1.56667	-0.142757
1.6	-0.143367
1.63333	-0.143661
1.66667	-0.143573
1.7	-0.143751
1.73333	-0.143611
1.76667	-0.143968
1.8	-0.144009
1.83333	-0.14395
1.86667	-0.144225
1.9	-0.144811
1.93333	-0.145378
1.96667	-0.146081
2	-0.146528
2.03333	-0.146476
2.06667	-0.146065
2.1	-0.145788
2.13333	-0.14562
2.16667	-0.145082
2.2	-0.144973
2.23333	-0.145006
2.26667	-0.145184
2.3	-0.146272
2.33333	-0.147241
2.36667	-0.14853
2.4	-0.149638
2.43333	-0.150726
2.46667	-0.152226
2.5	-0.153936
2.53333	-0.156278
2.56667	-0.159341
2.6	-0.163733
2.63333	-0.168189
2.66667	-0.175164
2.7	-0.185289
2.73333	-0.199285
2.76667	-0.220817
2.8	-0.256787
2.83333	-0.314419
2.86667	-0.418197
2.9	-0.603439
2.93333	-0.826037
2.96667	-0.984372
3	-1.06648
3.03333	-1.0817
3.06667	-1.03578
3.1	-0.93203
3.13333	-0.771832
3.16667	-0.57351
3.2	-0.402208
3.23333	-0.299356
3.26667	-0.238567
3.3	-0.194724
3.33333	-0.140197
3.36667	-0.0881156
3.4	-0.097747
3.43333	-0.0838334
3.46667	-0.0802131
3.5	-0.0833135
3.53333	-0.0868676
3.56667	-0.0925856
3.6	-0.0898212
3.63333	-0.0712201
3.66667	-0.0480445
3.7	-0.0434905
3.73333	-0.0505198
3.76667	-0.0636941
3.8	-0.0809906
3.83333	-0.0951388
3.86667	-0.101993
3.9	-0.100447
3.93333	-0.0932508
3.96667	-0.0848777
4	-0.0771951
4.03333	-0.0843254
4.06667	-0.110999
4.1	-0.150332
4.13333	-0.204948
4.16667	-0.268866
4.2	-0.346989
4.23333	-0.491392
4.26667	-0.761876
4.3	-0.990179
4.33333	-1.1243
4.36667	-1.18853
4.4	-1.18093
4.43333	-1.10521
4.46667	-0.985124
4.5	-0.833251
4.53333	-0.642368
4.56667	-0.43852
4.6	-0.299968
4.63333	-0.212525
4.66667	-0.127796
4.7	-0.0770687
4.73333	-0.124541
4.76667	-0.116773
4.8	-0.115514
4.83333	-0.123262
4.86667	-0.098318
4.9	-0.106024
4.93333	-0.112938
4.96667	-0.103637
5	-0.0795249
5.03333	-0.0684093
5.06667	-0.0730702
5.1	-0.0798019
5.13333	-0.0952915
5.16667	-0.113692
5.2	-0.129614
5.23333	-0.14055
5.26667	-0.141618
5.3	-0.136507
5.33333	-0.128939
5.36667	-0.12409
5.4	-0.140482
5.43333	-0.174356
5.46667	-0.226998
5.5	-0.303505
5.53333	-0.409613
5.56667	-0.600802
5.6	-0.858182
5.63333	-1.05064
5.66667	-1.17306
5.7	-1.23116
5.73333	-1.22296
5.76667	-1.1505
5.8	-1.02167
5.83333	-0.847046
5.86667	-0.617559
5.9	-0.386267
5.93333	-0.243115
5.96667	-0.149088
6	-0.0831669
6.03333	-0.114024
6.06667	-0.152824
6.1	-0.11164
6.13333	-0.0952721
6.16667	-0.10686
6.2	-0.104459
6.23333	-0.113524
6.26667	-0.104256
6.3	-0.0687829
6.33333	-0.0487477
6.36667	-0.0471061
6.4	-0.059937
6.43333	-0.0723429
6.46667	-0.089186
6.5	-0.108247
6.53333	-0.12006
6.56667	-0.121279
6.6	-0.114991
6.63333	-0.111418
6.66667	-0.113871
6.7	-0.12851
6.73333	-0.153433
6.76667	-0.19558
6.8	-0.266842
6.83333	-0.376657
6.86667	-0.577757
6.9	-0.862464
6.93333	-1.0614
6.96667	-1.19973
7	-1.27234
7.03333	-1.27504
7.06667	-1.20803
7.1	-1.09307
7.13333	-0.947913
7.16667	-0.754486
7.2	-0.512816
7.23333	-0.325043
7.26667	-0.220632
7.3	-0.142282
7.33333	-0.0936953
7.36667	-0.145131
7.4	-0.126851
7.43333	-0.111643
7.46667	-0.119796
7.5	-0.106718
7.53333	-0.111947
7.56667	-0.109808
7.6	-0.0917665
7.63333	-0.0684069
7.66667	-0.0592896
7.7	-0.0652678
7.73333	-0.0749914
7.76667	-0.0879989
7.8	-0.105324
7.83333	-0.121379
7.86667	-0.131104
7.9	-0.132321
7.93333	-0.13284
7.96667	-0.13171
8	-0.129461
8.03333	-0.136489
8.06667	-0.151186
8.1	-0.175198
8.13333	-0.218683
8.16667	-0.287727
8.2	-0.394618
8.23333	-0.591622
8.26667	-0.844171
8.3	-1.02179
8.33333	-1.13969
8.36667	-1.1949
8.4	-1.1824
8.43333	-1.11414
8.46667	-0.994316
8.5	-0.802475
8.53333	-0.543315
8.56667	-0.346414
8.6	-0.249279
8.63333	-0.172701
8.66667	-0.0991815
8.7	-0.0664126
8.73333	-0.108439
8.76667	-0.110595
8.8	-0.0801006
8.83333	-0.0748642
8.86667	-0.0712081
8.9	-0.0989482
8.93333	-0.107927
8.96667	-0.107536
9	-0.0929466
9.03333	-0.0833337
9.06667	-0.0815411
