0	0
0.0333333	0.829647
0.0666667	0.904598
0.1	0.912076
0.133333	0.914144
0.166667	0.91476
0.2	0.915275
0.233333	0.915678
0.266667	0.916393
0.3	0.916982
0.333333	0.917155
0.366667	0.917505
0.4	0.918415
0.433333	0.918836
0.466667	0.919282
0.5	0.919258
0.533333	0.919636
0.566667	0.920355
0.6	0.920826
0.633333	0.921007
0.666667	0.921858
0.7	0.922422
0.733333	0.923032
0.766667	0.923615
0.8	0.924178
0.833333	0.924532
0.866667	0.924778
0.9	0.925316
0.933333	0.926088
0.966667	0.926525
1	0.926972
1.03333	0.927056
1.06667	0.927468
1.1	0.927776
1.13333	0.928241
1.16667	0.928687
1.2	0.92931
1.23333	0.929783
1.26667	0.929968
1.3	0.930103
1.33333	0.930464
1.36667	0.930596
1.4	0.931049
1.43333	0.93156
1.46667	0.931573
1.5	0.931677
1.53333	0.931979
1.56667	0.932678
1.6	0.933123
1.63333	0.933648
1.66667	0.934024
1.7	0.934854
1.73333	0.93551
1.76667	0.936949
1.8	0.939516
1.83333	0.944264
1.86667	0.949049
1.9	0.953767
1.93333	0.958058
1.96667	0.961744
2	0.965188
2.03333	0.96921
2.06667	0.972201
2.1	0.972871
2.13333	0.972826
2.16667	0.972207
2.2	0.971383
2.23333	0.969853
2.26667	0.967327
2.3	0.964681
2.33333	0.962016
2.36667	0.959048
2.4	0.957381
2.43333	0.955778
2.46667	0.953555
2.5	0.950051
2.53333	0.946329
2.56667	0.943127
2.6	0.940479
2.63333	0.939981
2.66667	0.941269
2.7	0.938852
2.73333	0.933919
2.76667	0.935547
2.8	0.940246
2.83333	0.945499
2.86667	0.954296
2.9	0.966651
2.93333	0.98537
2.96667	1.01051
3	1.0453
3.03333	1.08557
3.06667	1.12292
3.1	1.15436
3.13333	1.17993
3.16667	1.19977
3.2	1.21134
3.23333	1.21716
3.26667	1.21628
3.3	1.20621
3.33333	1.18756
3.36667	1.16503
3.4	1.14331
3.43333	1.1224
3.46667	1.10778
3.5	1.08912
3.53333	1.1141
3.56667	1.1254
3.6	1.12438
3.63333	1.10893
3.66667	1.08827
3.7	1.06713
3.73333	1.04709
3.76667	1.03099
3.8	1.0178
3.83333	1.00329
3.86667	0.990087
3.9	0.978362
3.93333	0.965474
3.96667	0.951468
4	0.938971
4.03333	0.926752
4.06667	0.914925
4.1	0.903935
4.13333	0.895157
4.16667	0.888171
4.2	0.881491
4.23333	0.874454
4.26667	0.868232
4.3	0.863823
4.33333	0.858189
4.36667	0.849277
4.4	0.844766
4.43333	0.848969
4.46667	0.860334
4.5	0.879599
4.53333	0.907576
4.56667	0.947415
4.6	0.99024
4.63333	1.02829
4.66667	1.06007
4.7	1.0863
4.73333	1.11374
4.76667	1.14377
4.8	1.16638
4.83333	1.18126
4.86667	1.19608
4.9	1.21323
4.93333	1.22468
4.96667	1.22994
5	1.22779
5.03333	1.21535
5.06667	1.1896
5.1	1.15241
5.13333	1.10252
5.16667	1.03841
5.2	0.960133
5.23333	0.867025
5.26667	0.765163
5.3	0.741558
5.33333	0.819212
5.36667	0.835373
5.4	0.85422
5.43333	0.846659
5.46667	0.843124
5.5	0.840225
5.53333	0.837221
5.56667	0.8357
5.6	0.83641
5.63333	0.838909
5.66667	0.839215
5.7	0.834275
5.73333	0.823476
5.76667	0.810861
5.8	0.796503
5.83333	0.783984
5.86667	0.774895
5.9	0.767148
5.93333	0.759961
5.96667	0.751357
6	0.74099
6.03333	0.729693
6.06667	0.722604
6.1	0.726342
6.13333	0.740875
6.16667	0.761598
6.2	0.793271
6.23333	0.836606
6.26667	0.878358
6.3	0.893964
6.33333	0.8849
6.36667	0.88035
6.4	0.879982
6.43333	0.880057
6.46667	0.878676
6.5	0.878351
6.53333	0.87987
6.56667	0.877442
6.6	0.867447
6.63333	0.855437
6.66667	0.857641
6.7	0.881851
6.73333	0.900481
6.76667	0.90231
6.8	0.908576
6.83333	0.91715
6.86667	0.924755
6.9	0.945695
6.93333	0.971818
6.96667	0.983681
7	0.974683
7.03333	0.925929
7.06667	0.831641
7.1	0.698249
7.13333	0.549522
7.16667	0.385406
7.2	0.138977
7.23333	-0.390805
7.26667	-0.66155
7.3	-0.80264
7.33333	-0.834413
7.36667	-0.835457
7.4	-0.829559
7.43333	-0.816021
7.46667	-0.805492
7.5	-0.799991
7.53333	-0.791168
7.56667	-0.774466
7.6	-0.752087
7.63333	-0.734645
7.66667	-0.724635
7.7	-0.715036
7.73333	-0.700228
7.76667	-0.68178
7.8	-0.664045
7.83333	-0.645234
7.86667	-0.625185
7.9	-0.608114
7.93333	-0.596418
7.96667	-0.58562
8	-0.570049
8.03333	-0.547938
8.06667	-0.523085
8.1	-0.497302
8.13333	-0.4513
8.16667	-0.348184
8.2	-0.174
8.23333	0.176593
8.26667	0.561054
8.3	0.676032
8.33333	0.751957
8.36667	0.817186
8.4	0.858547
8.43333	0.87892
8.46667	0.884865
8.5	0.898121
8.53333	0.893315
8.56667	0.872593
8.6	0.834149
8.63333	0.783868
8.66667	0.731966
8.7	0.689432
8.73333	0.669894
8.76667	0.678834
8.8	0.708781
8.83333	0.739529
8.86667	0.760415
8.9	0.748943
8.93333	0.758786
8.96667	0.77665
9	0.785464
9.03333	0.791814
9.06667	0.800533
9.1	0.808329
9.13333	0.812215
9.16667	0.812685
9.2	0.810664
9.23333	0.809109
9.26667	0.809693
9.3	0.811204
9.33333	0.815532
9.36667	0.822626
9.4	0.834431
9.43333	0.845978
9.46667	0.858339
9.5	0.870512
9.53333	0.886636
9.56667	0.89582
9.6	0.905331
9.63333	0.912874
9.66667	0.919452
9.7	0.927566
9.73333	0.936549
9.76667	0.930968
9.8	0.912622
9.83333	0.889564
9.86667	0.893543
9.9	0.916619
9.93333	0.945862
9.96667	0.974634
10	0.999696
10.0333	1.0107
