0	0
0.0333333	-0.116435
0.0666667	-0.108024
0.1	-0.104928
0.133333	-0.102956
0.166667	-0.101252
0.2	-0.0998942
0.233333	-0.0994516
0.266667	-0.0995577
0.3	-0.0996962
0.333333	-0.100305
0.366667	-0.101005
0.4	-0.10215
0.433333	-0.103637
0.466667	-0.105143
0.5	-0.107037
0.533333	-0.10889
0.566667	-0.111246
0.6	-0.114106
0.633333	-0.11728
0.666667	-0.120746
0.7	-0.123573
0.733333	-0.124677
0.766667	-0.125128
0.8	-0.125289
0.833333	-0.125981
0.866667	-0.125983
0.9	-0.125861
0.933333	-0.12606
0.966667	-0.125593
1	-0.125492
1.03333	-0.125229
1.06667	-0.125161
1.1	-0.124918
1.13333	-0.124057
1.16667	-0.12349
1.2	-0.124189
1.23333	-0.124062
1.26667	-0.123712
1.3	-0.123261
1.33333	-0.123018
1.36667	-0.123028
1.4	-0.123134
1.43333	-0.123107
1.46667	-0.123267
1.5	-0.122818
1.53333	-0.123058
1.56667	-0.122913
1.6	-0.1231
1.63333	-0.122703
1.66667	-0.122129
1.7	-0.122046
1.73333	-0.122656
1.76667	-0.123194
1.8	-0.124077
1.83333	-0.124548
1.86667	-0.125267
1.9	-0.125954
1.93333	-0.127721
1.96667	-0.129195
2	-0.13149
2.03333	-0.135184
2.06667	-0.138067
2.1	-0.141141
2.13333	-0.143785
2.16667	-0.146643
2.2	-0.149147
2.23333	-0.151273
2.26667	-0.153813
2.3	-0.156558
2.33333	-0.159114
2.36667	-0.160657
2.4	-0.161988
2.43333	-0.165276
2.46667	-0.169602
2.5	-0.174135
2.53333	-0.177986
2.56667	-0.18091
2.6	-0.18426
2.63333	-0.188958
2.66667	-0.196778
2.7	-0.207249
2.73333	-0.216914
2.76667	-0.227306
2.8	-0.237115
2.83333	-0.245148
2.86667	-0.251445
2.9	-0.255392
2.93333	-0.258019
2.96667	-0.258747
3	-0.25846
3.03333	-0.257722
3.06667	-0.256245
3.1	-0.254639
3.13333	-0.255123
3.16667	-0.256981
3.2	-0.261802
3.23333	-0.273269
3.26667	-0.290411
3.3	-0.310563
3.33333	-0.33413
3.36667	-0.360412
3.4	-0.392249
3.43333	-0.43227
3.46667	-0.484123
3.5	-0.54555
3.53333	-0.615743
3.56667	-0.686565
3.6	-0.739995
3.63333	-0.765209
3.66667	-0.760903
3.7	-0.730878
3.73333	-0.684854
3.76667	-0.634245
3.8	-0.580922
3.83333	-0.526255
3.86667	-0.473464
3.9	-0.42504
3.93333	-0.382029
3.96667	-0.345487
4	-0.312582
4.03333	-0.283908
4.06667	-0.259624
4.1	-0.24314
4.13333	-0.230605
4.16667	-0.221064
4.2	-0.209329
4.23333	-0.195607
4.26667	-0.182048
4.3	-0.162164
4.33333	-0.131297
4.36667	-0.138884
4.4	-0.141343
4.43333	-0.147757
4.46667	-0.153704
4.5	-0.162712
4.53333	-0.167791
4.56667	-0.178425
4.6	-0.190217
4.63333	-0.19775
4.66667	-0.201478
4.7	-0.203004
4.73333	-0.20409
4.76667	-0.204363
4.8	-0.202925
4.83333	-0.202568
4.86667	-0.205367
4.9	-0.210128
4.93333	-0.218804
4.96667	-0.229466
5	-0.239716
5.03333	-0.254045
5.06667	-0.269257
5.1	-0.283486
5.13333	-0.295012
5.16667	-0.304098
5.2	-0.311943
5.23333	-0.316149
5.26667	-0.31893
5.3	-0.318755
5.33333	-0.324574
5.36667	-0.33075
5.4	-0.339454
5.43333	-0.354369
5.46667	-0.377877
5.5	-0.408174
5.53333	-0.446984
5.56667	-0.496872
5.6	-0.559575
5.63333	-0.630449
5.66667	-0.702141
5.7	-0.759509
5.73333	-0.787819
5.76667	-0.78117
5.8	-0.746173
5.83333	-0.689021
5.86667	-0.625509
5.9	-0.558877
5.93333	-0.490034
5.96667	-0.424179
6	-0.367239
6.03333	-0.320176
6.06667	-0.282897
6.1	-0.253836
6.13333	-0.229243
6.16667	-0.20569
6.2	-0.180201
6.23333	-0.156579
6.26667	-0.144291
6.3	-0.135686
6.33333	-0.1248
6.36667	-0.109152
6.4	-0.12565
6.43333	-0.139164
6.46667	-0.15279
6.5	-0.155521
6.53333	-0.162045
6.56667	-0.171081
6.6	-0.176793
6.63333	-0.179162
6.66667	-0.180658
6.7	-0.18024
6.73333	-0.179142
6.76667	-0.17823
6.8	-0.178847
6.83333	-0.180203
6.86667	-0.183478
6.9	-0.186337
6.93333	-0.191907
6.96667	-0.19914
7	-0.209834
7.03333	-0.223138
7.06667	-0.238586
7.1	-0.255872
7.13333	-0.273221
7.16667	-0.289163
7.2	-0.300719
7.23333	-0.310715
7.26667	-0.318377
7.3	-0.321539
7.33333	-0.323267
7.36667	-0.322699
7.4	-0.321036
7.43333	-0.320075
7.46667	-0.323377
7.5	-0.333527
7.53333	-0.345742
7.56667	-0.360386
7.6	-0.379934
7.63333	-0.403761
7.66667	-0.43074
7.7	-0.465284
7.73333	-0.509632
7.76667	-0.563911
7.8	-0.622846
7.83333	-0.681687
7.86667	-0.732819
7.9	-0.772757
7.93333	-0.798457
7.96667	-0.806228
8	-0.795535
8.03333	-0.769153
8.06667	-0.727539
8.1	-0.673501
8.13333	-0.614432
8.16667	-0.555085
8.2	-0.497939
8.23333	-0.44508
8.26667	-0.395551
8.3	-0.349656
8.33333	-0.310939
8.36667	-0.276632
8.4	-0.249212
8.43333	-0.228173
8.46667	-0.212396
8.5	-0.202586
8.53333	-0.198957
8.56667	-0.192006
8.6	-0.184716
8.63333	-0.193329
8.66667	-0.202051
8.7	-0.210244
8.73333	-0.214784
8.76667	-0.224572
8.8	-0.236203
8.83333	-0.241714
8.86667	-0.245353
8.9	-0.253129
8.93333	-0.261502
8.96667	-0.265666
9	-0.267605
9.03333	-0.268947
9.06667	-0.268794
9.1	-0.266737
9.13333	-0.265335
9.16667	-0.266637
9.2	-0.269257
9.23333	-0.272569
9.26667	-0.278171
9.3	-0.284606
9.33333	-0.292631
9.36667	-0.302916
9.4	-0.314059
9.43333	-0.324927
9.46667	-0.33469
9.5	-0.342718
9.53333	-0.350482
9.56667	-0.358093
9.6	-0.36312
9.63333	-0.36377
9.66667	-0.36079
9.7	-0.354357
9.73333	-0.348804
9.76667	-0.346658
9.8	-0.349464
9.83333	-0.355698
9.86667	-0.362272
9.9	-0.375638
9.93333	-0.397253
9.96667	-0.430445
10	-0.475148
10.0333	-0.528746
10.0667	-0.594188
10.1	-0.666984
10.1333	-0.736349
10.1667	-0.787693
10.2	-0.81213
10.2333	-0.806234
10.2667	-0.775795
10.3	-0.729505
10.3333	-0.678674
10.3667	-0.626446
10.4	-0.569777
10.4333	-0.509263
10.4667	-0.450019
10.5	-0.39447
10.5333	-0.34907
10.5667	-0.314205
10.6	-0.287702
10.6333	-0.269681
10.6667	-0.257593
10.7	-0.247694
10.7333	-0.237137
10.7667	-0.227363
10.8	-0.219423
10.8333	-0.21016
10.8667	-0.195558
10.9	-0.212622
10.9333	-0.221591
10.9667	-0.228708
11	-0.231271
11.0333	-0.237138
11.0667	-0.243122
11.1	-0.24802
11.1333	-0.253016
11.1667	-0.257871
11.2	-0.260956
11.2333	-0.260005
11.2667	-0.25844
11.3	-0.259994
11.3333	-0.262305
11.3667	-0.262574
11.4	-0.259256
11.4333	-0.257812
11.4667	-0.260024
11.5	-0.265822
11.5333	-0.274825
11.5667	-0.284963
11.6	-0.295925
11.6333	-0.306442
11.6667	-0.320661
11.7	-0.334199
11.7333	-0.347335
11.7667	-0.358909
11.8	-0.368104
11.8333	-0.376854
11.8667	-0.38155
11.9	-0.38176
11.9333	-0.380309
11.9667	-0.380671
12	-0.382909
12.0333	-0.389343
12.0667	-0.399048
12.1	-0.416836
12.1333	-0.442341
