0	0
0.0333333	-0.0619323
0.0666667	-0.0806172
0.1	-0.0875935
0.133333	-0.0900864
0.166667	-0.0882834
0.2	-0.0912327
0.233333	-0.0933207
0.266667	-0.0935849
0.3	-0.0947563
0.333333	-0.0912722
0.366667	-0.0950932
0.4	-0.094515
0.433333	-0.0958902
0.466667	-0.0964889
0.5	-0.0970388
0.533333	-0.097548
0.566667	-0.0982349
0.6	-0.0988295
0.633333	-0.0989828
0.666667	-0.0990042
0.7	-0.0991198
0.733333	-0.0988907
0.766667	-0.098827
0.8	-0.0992532
0.833333	-0.0986263
0.866667	-0.0985318
0.9	-0.0981731
0.933333	-0.0943475
0.966667	-0.0952248
1	-0.0935607
1.03333	-0.0935659
1.06667	-0.0930927
1.1	-0.0936302
1.13333	-0.0940161
1.16667	-0.093534
1.2	-0.0965888
1.23333	-0.0968953
1.26667	-0.0969404
1.3	-0.0969668
1.33333	-0.0972774
1.36667	-0.0974011
1.4	-0.0975399
1.43333	-0.0977774
1.46667	-0.0977221
1.5	-0.0978905
1.53333	-0.097899
1.56667	-0.097938
1.6	-0.0982881
1.63333	-0.0980691
1.66667	-0.0982823
1.7	-0.0981618
1.73333	-0.0982453
1.76667	-0.0982107
1.8	-0.0979217
1.83333	-0.0983291
1.86667	-0.098197
1.9	-0.0986937
1.93333	-0.0994071
1.96667	-0.10017
2	-0.100407
2.03333	-0.0999141
2.06667	-0.0978512
2.1	-0.100476
2.13333	-0.100971
2.16667	-0.100387
2.2	-0.100579
2.23333	-0.100993
2.26667	-0.103222
2.3	-0.107273
2.33333	-0.114659
2.36667	-0.125656
2.4	-0.151673
2.43333	-0.203375
2.46667	-0.276073
2.5	-0.373432
2.53333	-0.477371
2.56667	-0.553825
2.6	-0.581594
2.63333	-0.569592
2.66667	-0.527524
2.7	-0.464036
2.73333	-0.386439
2.76667	-0.310493
2.8	-0.247165
2.83333	-0.203009
2.86667	-0.176502
2.9	-0.174057
2.93333	-0.200931
2.96667	-0.216382
3	-0.211996
3.03333	-0.223014
3.06667	-0.230668
3.1	-0.223154
3.13333	-0.212457
3.16667	-0.206629
3.2	-0.210517
3.23333	-0.228505
3.26667	-0.255585
3.3	-0.263067
3.33333	-0.256335
3.36667	-0.237868
3.4	-0.218579
3.43333	-0.200653
3.46667	-0.187356
3.5	-0.170712
3.53333	-0.150638
3.56667	-0.135482
3.6	-0.130098
3.63333	-0.130652
3.66667	-0.130008
3.7	-0.128279
3.73333	-0.126144
3.76667	-0.126853
3.8	-0.125701
3.83333	-0.131158
3.86667	-0.164891
3.9	-0.250154
3.93333	-0.388174
3.96667	-0.545918
4	-0.695757
4.03333	-0.813518
4.06667	-0.876545
4.1	-0.883935
4.13333	-0.833102
4.16667	-0.737571
4.2	-0.60295
4.23333	-0.438424
4.26667	-0.275372
4.3	-0.160555
4.33333	-0.0895504
4.36667	-0.124518
4.4	-0.156837
4.43333	-0.182484
4.46667	-0.198148
4.5	-0.200683
4.53333	-0.198785
4.56667	-0.20122
4.6	-0.22015
4.63333	-0.260083
4.66667	-0.286875
4.7	-0.289733
4.73333	-0.271466
4.76667	-0.241447
4.8	-0.213919
4.83333	-0.192519
4.86667	-0.17158
4.9	-0.152735
4.93333	-0.141392
4.96667	-0.141709
5	-0.147628
5.03333	-0.152485
5.06667	-0.15085
5.1	-0.139578
5.13333	-0.129748
5.16667	-0.138006
5.2	-0.186979
5.23333	-0.280152
5.26667	-0.416109
5.3	-0.566426
5.33333	-0.697482
5.36667	-0.782219
5.4	-0.816059
5.43333	-0.7892
5.46667	-0.707967
5.5	-0.597673
5.53333	-0.478321
5.56667	-0.358268
5.6	-0.255365
5.63333	-0.184755
5.66667	-0.133201
5.7	-0.151704
5.73333	-0.173518
5.76667	-0.19709
5.8	-0.208723
5.83333	-0.216378
5.86667	-0.211553
5.9	-0.218799
5.93333	-0.249439
5.96667	-0.282028
6	-0.303891
6.03333	-0.298528
6.06667	-0.275508
6.1	-0.246482
6.13333	-0.226062
6.16667	-0.209637
6.2	-0.19248
6.23333	-0.173855
6.26667	-0.160614
6.3	-0.156207
6.33333	-0.15641
6.36667	-0.155471
6.4	-0.153196
6.43333	-0.147274
6.46667	-0.141932
6.5	-0.156293
6.53333	-0.212168
6.56667	-0.317044
6.6	-0.45608
6.63333	-0.607096
6.66667	-0.730474
6.7	-0.801863
6.73333	-0.816824
6.76667	-0.774937
6.8	-0.681877
6.83333	-0.551755
6.86667	-0.408991
6.9	-0.271191
6.93333	-0.175517
6.96667	-0.117236
7	-0.114964
7.03333	-0.147486
7.06667	-0.165133
7.1	-0.18575
7.13333	-0.197586
7.16667	-0.191178
7.2	-0.190586
7.23333	-0.203827
7.26667	-0.235997
7.3	-0.26437
7.33333	-0.277204
7.36667	-0.269969
7.4	-0.245253
7.43333	-0.223556
7.46667	-0.206375
7.5	-0.191033
7.53333	-0.171739
7.56667	-0.155388
7.6	-0.150368
7.63333	-0.150868
7.66667	-0.151263
7.7	-0.150124
7.73333	-0.147262
7.76667	-0.142241
7.8	-0.156399
7.83333	-0.218152
7.86667	-0.331836
7.9	-0.47255
7.93333	-0.619653
7.96667	-0.74167
8	-0.811621
8.03333	-0.829592
8.06667	-0.788458
8.1	-0.707172
8.13333	-0.590908
8.16667	-0.458221
8.2	-0.331168
8.23333	-0.231997
8.26667	-0.157911
8.3	-0.138289
8.33333	-0.171547
8.36667	-0.183897
8.4	-0.18145
8.43333	-0.191771
8.46667	-0.21151
8.5	-0.209377
8.53333	-0.208128
8.56667	-0.220176
