0	0
0.0333333	-0.135876
0.0666667	-0.182518
0.1	-0.202871
0.133333	-0.213161
0.166667	-0.218173
0.2	-0.220583
0.233333	-0.222104
0.266667	-0.222553
0.3	-0.222742
0.333333	-0.222933
0.366667	-0.22332
0.4	-0.223847
0.433333	-0.224146
0.466667	-0.224267
0.5	-0.224668
0.533333	-0.224859
0.566667	-0.225322
0.6	-0.225766
0.633333	-0.226015
0.666667	-0.226366
0.7	-0.226222
0.733333	-0.226525
0.766667	-0.226776
0.8	-0.227117
0.833333	-0.227313
0.866667	-0.227526
0.9	-0.227429
0.933333	-0.227479
0.966667	-0.227715
1	-0.227796
1.03333	-0.227437
1.06667	-0.227254
1.1	-0.227568
1.13333	-0.228132
1.16667	-0.228616
1.2	-0.228966
1.23333	-0.229458
1.26667	-0.229853
1.3	-0.230367
1.33333	-0.231136
1.36667	-0.231746
1.4	-0.232739
1.43333	-0.233349
1.46667	-0.234365
1.5	-0.234785
1.53333	-0.235313
1.56667	-0.235514
1.6	-0.236039
1.63333	-0.236893
1.66667	-0.237513
1.7	-0.238268
1.73333	-0.239155
1.76667	-0.239827
1.8	-0.241026
1.83333	-0.242111
1.86667	-0.243626
1.9	-0.244358
1.93333	-0.245697
1.96667	-0.246993
2	-0.247944
2.03333	-0.247537
2.06667	-0.245658
2.1	-0.243161
2.13333	-0.23996
2.16667	-0.236526
2.2	-0.233957
2.23333	-0.233517
2.26667	-0.23435
2.3	-0.235192
2.33333	-0.235641
2.36667	-0.235366
2.4	-0.234441
2.43333	-0.234439
2.46667	-0.235465
2.5	-0.239155
2.53333	-0.241094
2.56667	-0.242777
2.6	-0.244649
2.63333	-0.244674
2.66667	-0.241593
2.7	-0.237036
2.73333	-0.230445
2.76667	-0.224211
2.8	-0.220158
2.83333	-0.224459
2.86667	-0.23956
2.9	-0.264794
2.93333	-0.298865
2.96667	-0.342276
3	-0.398803
3.03333	-0.466913
3.06667	-0.535373
3.1	-0.599659
3.13333	-0.65027
3.16667	-0.669028
3.2	-0.671648
3.23333	-0.665304
3.26667	-0.648547
3.3	-0.62885
3.33333	-0.605365
3.36667	-0.580472
3.4	-0.554424
3.43333	-0.528699
3.46667	-0.500216
3.5	-0.476811
3.53333	-0.474998
3.56667	-0.474408
3.6	-0.463543
3.63333	-0.448028
3.66667	-0.420209
3.7	-0.403335
3.73333	-0.39573
3.76667	-0.382392
3.8	-0.370112
3.83333	-0.359357
3.86667	-0.351178
3.9	-0.343114
3.93333	-0.336967
3.96667	-0.329898
4	-0.319931
4.03333	-0.309149
4.06667	-0.300092
4.1	-0.293668
4.13333	-0.287834
4.16667	-0.28244
4.2	-0.277811
4.23333	-0.273571
4.26667	-0.269415
4.3	-0.265567
4.33333	-0.262987
4.36667	-0.260519
4.4	-0.259558
4.43333	-0.259301
4.46667	-0.261347
4.5	-0.264111
4.53333	-0.26918
4.56667	-0.273165
4.6	-0.274199
4.63333	-0.270882
4.66667	-0.263324
4.7	-0.254411
4.73333	-0.244934
4.76667	-0.239237
4.8	-0.24269
4.83333	-0.254834
4.86667	-0.280985
4.9	-0.318754
4.93333	-0.367194
4.96667	-0.431746
5	-0.505013
5.03333	-0.568553
5.06667	-0.607354
5.1	-0.62725
5.13333	-0.638748
5.16667	-0.659344
5.2	-0.689844
5.23333	-0.717984
5.26667	-0.727535
5.3	-0.724364
5.33333	-0.721534
5.36667	-0.710095
5.4	-0.687305
5.43333	-0.658571
5.46667	-0.627131
5.5	-0.596098
5.53333	-0.567756
5.56667	-0.540793
5.6	-0.519215
5.63333	-0.500519
5.66667	-0.487403
5.7	-0.482706
5.73333	-0.48274
5.76667	-0.478104
5.8	-0.457036
5.83333	-0.420442
5.86667	-0.411699
5.9	-0.411768
5.93333	-0.399433
5.96667	-0.378097
6	-0.361891
6.03333	-0.353774
6.06667	-0.35125
6.1	-0.350041
6.13333	-0.347415
6.16667	-0.341113
6.2	-0.331768
6.23333	-0.323185
6.26667	-0.316042
6.3	-0.311166
6.33333	-0.30578
6.36667	-0.299062
6.4	-0.293198
6.43333	-0.287783
6.46667	-0.28395
6.5	-0.280697
6.53333	-0.278339
6.56667	-0.277075
6.6	-0.275654
6.63333	-0.275503
6.66667	-0.277045
6.7	-0.280223
6.73333	-0.283121
6.76667	-0.285935
6.8	-0.286927
6.83333	-0.28562
6.86667	-0.281766
6.9	-0.276815
6.93333	-0.270657
6.96667	-0.266716
7	-0.261409
7.03333	-0.260824
7.06667	-0.267592
7.1	-0.283023
7.13333	-0.302062
7.16667	-0.323979
7.2	-0.352003
7.23333	-0.38971
7.26667	-0.437832
7.3	-0.492043
7.33333	-0.544788
7.36667	-0.579815
7.4	-0.599046
7.43333	-0.623626
7.46667	-0.652764
7.5	-0.66938
7.53333	-0.669014
7.56667	-0.656392
7.6	-0.633546
7.63333	-0.604131
7.66667	-0.569857
7.7	-0.531066
7.73333	-0.48951
7.76667	-0.460071
7.8	-0.439141
7.83333	-0.425935
7.86667	-0.414721
7.9	-0.402108
7.93333	-0.376692
7.96667	-0.357668
8	-0.338134
8.03333	-0.329212
8.06667	-0.317684
8.1	-0.305274
8.13333	-0.295327
8.16667	-0.288849
8.2	-0.2821
8.23333	-0.27499
8.26667	-0.271115
8.3	-0.266591
8.33333	-0.261339
8.36667	-0.255064
8.4	-0.250321
8.43333	-0.246247
8.46667	-0.242677
8.5	-0.241452
8.53333	-0.241787
8.56667	-0.242283
8.6	-0.243181
8.63333	-0.243524
8.66667	-0.243402
8.7	-0.243685
8.73333	-0.243501
8.76667	-0.24475
8.8	-0.247554
8.83333	-0.251734
8.86667	-0.257326
8.9	-0.263807
8.93333	-0.272623
8.96667	-0.280125
9	-0.283758
9.03333	-0.28395
9.06667	-0.281417
9.1	-0.27664
9.13333	-0.270855
9.16667	-0.268422
9.2	-0.269845
9.23333	-0.287664
9.26667	-0.322896
9.3	-0.376856
9.33333	-0.446768
9.36667	-0.531553
9.4	-0.617501
9.43333	-0.685884
9.46667	-0.735248
9.5	-0.7724
9.53333	-0.79809
9.56667	-0.801948
9.6	-0.786023
9.63333	-0.757224
9.66667	-0.719874
9.7	-0.673879
9.73333	-0.628523
9.76667	-0.582158
9.8	-0.53752
9.83333	-0.500726
9.86667	-0.482607
9.9	-0.48042
9.93333	-0.484593
9.96667	-0.488815
10	-0.485488
10.0333	-0.466985
10.0667	-0.43561
10.1	-0.419121
10.1333	-0.39898
10.1667	-0.390674
10.2	-0.377297
10.2333	-0.369392
10.2667	-0.354966
10.3	-0.347897
10.3333	-0.342758
10.3667	-0.337002
10.4	-0.331295
10.4333	-0.324543
10.4667	-0.316283
10.5	-0.308111
10.5333	-0.302053
10.5667	-0.298347
10.6	-0.295811
10.6333	-0.292182
10.6667	-0.289318
10.7	-0.286589
10.7333	-0.286743
10.7667	-0.28531
10.8	-0.284405
10.8333	-0.284291
10.8667	-0.285576
10.9	-0.288979
10.9333	-0.292668
10.9667	-0.29416
11	-0.293528
11.0333	-0.290501
11.0667	-0.285468
11.1	-0.279486
11.1333	-0.275784
11.1667	-0.276001
11.2	-0.290887
11.2333	-0.328685
11.2667	-0.382947
11.3	-0.453233
11.3333	-0.538383
11.3667	-0.62721
11.4	-0.700036
11.4333	-0.733702
11.4667	-0.742033
11.5	-0.72228
11.5333	-0.68872
11.5667	-0.6513
11.6	-0.619303
